0 0 25.512 55.582 78.453 91.08 91.08 78.453 55.582 25.512 0 0 0 0 0 0 0 0 0 0 0 0 0 0 0 0 0 0 0 0
0 16.329 55.582 91.08 119.83 136.8 136.8 119.83 91.08 55.582 16.329 0 0 0 0 0 0 0 0 0 0 0 0 0 0 0 0 0 0 0
0 35.078 78.453 119.83 156.65 181.69 181.69 156.65 119.83 78.453 35.078 0 0 0 0 0 0 0 0 0 0 0 0 0 0 0 0 0 0 0
0 45.08 91.08 136.8 181.69 222.22 222.22 181.69 136.8 91.08 45.08 0 0 0 0 0 0 0 0 0 0 0 0 0 0 0 0 0 0 0
0 45.08 91.08 136.8 181.69 222.22 222.22 181.69 136.8 91.08 45.08 0 0 0 0 0 0 0 0 0 0 0 0 0 0 0 0 0 0 0
0 35.078 78.453 119.83 156.65 181.69 181.69 156.65 119.83 78.453 35.078 0 0 0 0 0 0 0 0 0 0 0 0 0 0 0 0 0 0 0
0 16.329 55.582 91.08 119.83 136.8 136.8 119.83 91.08 55.582 16.329 0 0 0 0 0 0 0 0 0 0 26.921 44.722 51 44.722 26.921 0 0 0 0
0 0 25.512 55.582 78.453 91.08 91.08 78.453 55.582 25.512 0 0 0 0 0 0 0 0 0 0 38.625 71.117 93.724 102 93.724 71.117 38.625 0 0 0
0 0 0 0 0 0 0 0 0 0 0 0 0 0 0 0 0 0 0 26.921 71.117 110.75 140.96 153 140.96 110.75 71.117 26.921 0 0
0 0 0 0 0 0 0 0 0 0 0 0 0 0 0 0 0 0 0 44.722 93.724 140.96 182.88 204 182.88 140.96 93.724 44.722 0 0
0 0 0 0 0 0 0 0 0 0 0 0 0 0 0 0 0 0 0 51 102 153 204 255 204 153 102 51 0 0
0 0 0 0 0 0 0 0 0 0 0 0 0 0 0 0 0 0 0 44.722 93.724 140.96 182.88 204 182.88 140.96 93.724 44.722 0 0
0 0 0 0 0 0 0 0 0 0 0 0 0 0 0 0 0 0 0 26.921 71.117 110.75 140.96 153 140.96 110.75 71.117 26.921 0 0
0 0 0 0 0 0 0 0 0 0 0 0 0 255 0 0 0 0 0 0 38.625 71.117 93.724 102 93.724 71.117 38.625 0 0 0
0 0 0 0 0 0 0 0 0 0 0 0 0 0 0 0 0 0 0 0 0 26.921 44.722 51 44.722 26.921 0 0 0 0
0 0 0 0 0 0 0 0 0 0 0 0 0 0 0 0 0 0 0 0 0 0 0 0 0 0 0 0 0 0
0 0 0 0 0 0 0 0 0 0 255 255 255 255 255 255 255 255 0 0 0 0 0 0 0 0 0 0 0 0
0 0 0 0 0 0 0 0 0 0 255 255 255 255 255 255 255 255 0 0 0 0 0 0 0 0 0 0 0 0
0 0 0 0 0 0 0 0 0 0 255 255 255 255 255 255 255 255 0 0 0 0 255 255 255 255 255 255 255 255
0 0 0 0 0 0 0 0 0 0 255 255 255 255 255 255 255 255 0 0 0 0 255 255 255 255 255 255 255 255
0 0 0 0 0 0 0 0 0 0 255 255 255 255 255 255 255 255 0 0 0 0 255 255 255 255 255 255 255 255
0 0 0 0 0 0 0 0 0 0 255 255 255 255 255 255 255 255 0 0 0 0 255 255 255 255 255 255 255 255
0 0 0 0 0 0 0 0 0 0 255 255 255 255 255 255 255 255 0 0 0 0 255 255 255 255 255 255 255 255
0 0 0 0 0 0 0 0 0 0 255 255 255 255 255 255 255 255 0 0 0 0 255 255 255 255 255 255 255 255
0 0 0 0 0 0 0 0 0 0 0 0 0 0 0 0 0 0 0 0 0 0 255 255 255 255 255 255 255 255
0 0 0 0 0 0 0 0 0 0 0 0 0 0 0 0 0 0 0 0 0 0 255 255 255 255 255 255 255 255
0 0 0 0 0 0 0 0 0 0 0 0 0 0 0 0 0 0 0 0 0 0 255 255 255 255 255 255 255 255
0 0 0 0 0 0 0 0 0 0 0 0 0 0 0 0 0 0 0 0 0 0 255 255 255 255 255 255 255 255
0 0 0 0 0 0 0 0 0 0 0 0 0 0 0 0 0 0 0 0 0 0 255 255 255 255 255 255 255 255
0 0 0 0 0 0 0 0 0 0 0 0 0 0 0 0 0 0 0 0 0 0 255 255 255 255 255 255 255 255
